{
 "cells": [
  {
   "cell_type": "markdown",
   "id": "54f51961",
   "metadata": {},
   "source": [
    "# Importing Libraries"
   ]
  },
  {
   "cell_type": "code",
   "execution_count": 57,
   "id": "2fda68ee",
   "metadata": {},
   "outputs": [],
   "source": [
    "import pandas as pd\n",
    "import matplotlib.pyplot as plt\n",
    "import numpy as np\n",
    "import seaborn as sns\n",
    "\n",
    "from sklearn.preprocessing import StandardScaler\n",
    "\n",
    "from sklearn.cluster import KMeans\n",
    "\n",
    "from sklearn.model_selection import train_test_split\n",
    "\n",
    "from sklearn.linear_model import LogisticRegression\n",
    "\n",
    "from sklearn.metrics import accuracy_score, classification_report, silhouette_score\n",
    "\n",
    "import warnings \n",
    "warnings.filterwarnings('ignore')"
   ]
  },
  {
   "cell_type": "code",
   "execution_count": 2,
   "id": "922354fc",
   "metadata": {},
   "outputs": [],
   "source": [
    "df = pd.read_csv(\"https://raw.githubusercontent.com/leenaali1114/House-Price-Dataset/main/HousePrice.csv\")"
   ]
  },
  {
   "cell_type": "code",
   "execution_count": 3,
   "id": "4f7a2d29",
   "metadata": {},
   "outputs": [
    {
     "data": {
      "text/html": [
       "<div>\n",
       "<style scoped>\n",
       "    .dataframe tbody tr th:only-of-type {\n",
       "        vertical-align: middle;\n",
       "    }\n",
       "\n",
       "    .dataframe tbody tr th {\n",
       "        vertical-align: top;\n",
       "    }\n",
       "\n",
       "    .dataframe thead th {\n",
       "        text-align: right;\n",
       "    }\n",
       "</style>\n",
       "<table border=\"1\" class=\"dataframe\">\n",
       "  <thead>\n",
       "    <tr style=\"text-align: right;\">\n",
       "      <th></th>\n",
       "      <th>Area</th>\n",
       "      <th>Garage</th>\n",
       "      <th>FirePlace</th>\n",
       "      <th>Baths</th>\n",
       "      <th>White Marble</th>\n",
       "      <th>Black Marble</th>\n",
       "      <th>Indian Marble</th>\n",
       "      <th>Floors</th>\n",
       "      <th>City</th>\n",
       "      <th>Solar</th>\n",
       "      <th>Electric</th>\n",
       "      <th>Fiber</th>\n",
       "      <th>Glass Doors</th>\n",
       "      <th>Swiming Pool</th>\n",
       "      <th>Garden</th>\n",
       "      <th>Prices</th>\n",
       "    </tr>\n",
       "  </thead>\n",
       "  <tbody>\n",
       "    <tr>\n",
       "      <th>0</th>\n",
       "      <td>164</td>\n",
       "      <td>2</td>\n",
       "      <td>0</td>\n",
       "      <td>2</td>\n",
       "      <td>0</td>\n",
       "      <td>1</td>\n",
       "      <td>0</td>\n",
       "      <td>0</td>\n",
       "      <td>3</td>\n",
       "      <td>1</td>\n",
       "      <td>1</td>\n",
       "      <td>1</td>\n",
       "      <td>1</td>\n",
       "      <td>0</td>\n",
       "      <td>0</td>\n",
       "      <td>43800</td>\n",
       "    </tr>\n",
       "    <tr>\n",
       "      <th>1</th>\n",
       "      <td>84</td>\n",
       "      <td>2</td>\n",
       "      <td>0</td>\n",
       "      <td>4</td>\n",
       "      <td>0</td>\n",
       "      <td>0</td>\n",
       "      <td>1</td>\n",
       "      <td>1</td>\n",
       "      <td>2</td>\n",
       "      <td>0</td>\n",
       "      <td>0</td>\n",
       "      <td>0</td>\n",
       "      <td>1</td>\n",
       "      <td>1</td>\n",
       "      <td>1</td>\n",
       "      <td>37550</td>\n",
       "    </tr>\n",
       "    <tr>\n",
       "      <th>2</th>\n",
       "      <td>190</td>\n",
       "      <td>2</td>\n",
       "      <td>4</td>\n",
       "      <td>4</td>\n",
       "      <td>1</td>\n",
       "      <td>0</td>\n",
       "      <td>0</td>\n",
       "      <td>0</td>\n",
       "      <td>2</td>\n",
       "      <td>0</td>\n",
       "      <td>0</td>\n",
       "      <td>1</td>\n",
       "      <td>0</td>\n",
       "      <td>0</td>\n",
       "      <td>0</td>\n",
       "      <td>49500</td>\n",
       "    </tr>\n",
       "    <tr>\n",
       "      <th>3</th>\n",
       "      <td>75</td>\n",
       "      <td>2</td>\n",
       "      <td>4</td>\n",
       "      <td>4</td>\n",
       "      <td>0</td>\n",
       "      <td>0</td>\n",
       "      <td>1</td>\n",
       "      <td>1</td>\n",
       "      <td>1</td>\n",
       "      <td>1</td>\n",
       "      <td>1</td>\n",
       "      <td>1</td>\n",
       "      <td>1</td>\n",
       "      <td>1</td>\n",
       "      <td>1</td>\n",
       "      <td>50075</td>\n",
       "    </tr>\n",
       "    <tr>\n",
       "      <th>4</th>\n",
       "      <td>148</td>\n",
       "      <td>1</td>\n",
       "      <td>4</td>\n",
       "      <td>2</td>\n",
       "      <td>1</td>\n",
       "      <td>0</td>\n",
       "      <td>0</td>\n",
       "      <td>1</td>\n",
       "      <td>2</td>\n",
       "      <td>1</td>\n",
       "      <td>0</td>\n",
       "      <td>0</td>\n",
       "      <td>1</td>\n",
       "      <td>1</td>\n",
       "      <td>1</td>\n",
       "      <td>52400</td>\n",
       "    </tr>\n",
       "  </tbody>\n",
       "</table>\n",
       "</div>"
      ],
      "text/plain": [
       "   Area  Garage  FirePlace  Baths  White Marble  Black Marble  Indian Marble  \\\n",
       "0   164       2          0      2             0             1              0   \n",
       "1    84       2          0      4             0             0              1   \n",
       "2   190       2          4      4             1             0              0   \n",
       "3    75       2          4      4             0             0              1   \n",
       "4   148       1          4      2             1             0              0   \n",
       "\n",
       "   Floors  City  Solar  Electric  Fiber  Glass Doors  Swiming Pool  Garden  \\\n",
       "0       0     3      1         1      1            1             0       0   \n",
       "1       1     2      0         0      0            1             1       1   \n",
       "2       0     2      0         0      1            0             0       0   \n",
       "3       1     1      1         1      1            1             1       1   \n",
       "4       1     2      1         0      0            1             1       1   \n",
       "\n",
       "   Prices  \n",
       "0   43800  \n",
       "1   37550  \n",
       "2   49500  \n",
       "3   50075  \n",
       "4   52400  "
      ]
     },
     "execution_count": 3,
     "metadata": {},
     "output_type": "execute_result"
    }
   ],
   "source": [
    "df.head()"
   ]
  },
  {
   "cell_type": "code",
   "execution_count": 4,
   "id": "328c54b1",
   "metadata": {},
   "outputs": [
    {
     "data": {
      "text/plain": [
       "(500000, 16)"
      ]
     },
     "execution_count": 4,
     "metadata": {},
     "output_type": "execute_result"
    }
   ],
   "source": [
    "df.shape"
   ]
  },
  {
   "cell_type": "markdown",
   "id": "0c8a3494",
   "metadata": {},
   "source": [
    "# Exploring Data "
   ]
  },
  {
   "cell_type": "code",
   "execution_count": 5,
   "id": "35263b83",
   "metadata": {},
   "outputs": [
    {
     "name": "stdout",
     "output_type": "stream",
     "text": [
      "<class 'pandas.core.frame.DataFrame'>\n",
      "RangeIndex: 500000 entries, 0 to 499999\n",
      "Data columns (total 16 columns):\n",
      " #   Column         Non-Null Count   Dtype\n",
      "---  ------         --------------   -----\n",
      " 0   Area           500000 non-null  int64\n",
      " 1   Garage         500000 non-null  int64\n",
      " 2   FirePlace      500000 non-null  int64\n",
      " 3   Baths          500000 non-null  int64\n",
      " 4   White Marble   500000 non-null  int64\n",
      " 5   Black Marble   500000 non-null  int64\n",
      " 6   Indian Marble  500000 non-null  int64\n",
      " 7   Floors         500000 non-null  int64\n",
      " 8   City           500000 non-null  int64\n",
      " 9   Solar          500000 non-null  int64\n",
      " 10  Electric       500000 non-null  int64\n",
      " 11  Fiber          500000 non-null  int64\n",
      " 12  Glass Doors    500000 non-null  int64\n",
      " 13  Swiming Pool   500000 non-null  int64\n",
      " 14  Garden         500000 non-null  int64\n",
      " 15  Prices         500000 non-null  int64\n",
      "dtypes: int64(16)\n",
      "memory usage: 61.0 MB\n"
     ]
    }
   ],
   "source": [
    "df.info()"
   ]
  },
  {
   "cell_type": "code",
   "execution_count": 6,
   "id": "d11b9349",
   "metadata": {},
   "outputs": [
    {
     "data": {
      "text/plain": [
       "Area             0\n",
       "Garage           0\n",
       "FirePlace        0\n",
       "Baths            0\n",
       "White Marble     0\n",
       "Black Marble     0\n",
       "Indian Marble    0\n",
       "Floors           0\n",
       "City             0\n",
       "Solar            0\n",
       "Electric         0\n",
       "Fiber            0\n",
       "Glass Doors      0\n",
       "Swiming Pool     0\n",
       "Garden           0\n",
       "Prices           0\n",
       "dtype: int64"
      ]
     },
     "execution_count": 6,
     "metadata": {},
     "output_type": "execute_result"
    }
   ],
   "source": [
    "df.isna().sum()"
   ]
  },
  {
   "cell_type": "code",
   "execution_count": 7,
   "id": "5aa61ac0",
   "metadata": {},
   "outputs": [
    {
     "data": {
      "text/html": [
       "<div>\n",
       "<style scoped>\n",
       "    .dataframe tbody tr th:only-of-type {\n",
       "        vertical-align: middle;\n",
       "    }\n",
       "\n",
       "    .dataframe tbody tr th {\n",
       "        vertical-align: top;\n",
       "    }\n",
       "\n",
       "    .dataframe thead th {\n",
       "        text-align: right;\n",
       "    }\n",
       "</style>\n",
       "<table border=\"1\" class=\"dataframe\">\n",
       "  <thead>\n",
       "    <tr style=\"text-align: right;\">\n",
       "      <th></th>\n",
       "      <th>Area</th>\n",
       "      <th>Garage</th>\n",
       "      <th>FirePlace</th>\n",
       "      <th>Baths</th>\n",
       "      <th>White Marble</th>\n",
       "      <th>Black Marble</th>\n",
       "      <th>Indian Marble</th>\n",
       "      <th>Floors</th>\n",
       "      <th>City</th>\n",
       "      <th>Solar</th>\n",
       "      <th>Electric</th>\n",
       "      <th>Fiber</th>\n",
       "      <th>Glass Doors</th>\n",
       "      <th>Swiming Pool</th>\n",
       "      <th>Garden</th>\n",
       "      <th>Prices</th>\n",
       "    </tr>\n",
       "  </thead>\n",
       "  <tbody>\n",
       "    <tr>\n",
       "      <th>count</th>\n",
       "      <td>500000.000000</td>\n",
       "      <td>500000.000000</td>\n",
       "      <td>500000.000000</td>\n",
       "      <td>500000.000000</td>\n",
       "      <td>500000.000000</td>\n",
       "      <td>500000.000000</td>\n",
       "      <td>500000.000000</td>\n",
       "      <td>500000.000000</td>\n",
       "      <td>500000.000000</td>\n",
       "      <td>500000.000000</td>\n",
       "      <td>500000.00000</td>\n",
       "      <td>500000.000000</td>\n",
       "      <td>500000.00000</td>\n",
       "      <td>500000.000000</td>\n",
       "      <td>500000.000000</td>\n",
       "      <td>500000.000000</td>\n",
       "    </tr>\n",
       "    <tr>\n",
       "      <th>mean</th>\n",
       "      <td>124.929554</td>\n",
       "      <td>2.001290</td>\n",
       "      <td>2.003398</td>\n",
       "      <td>2.998074</td>\n",
       "      <td>0.332992</td>\n",
       "      <td>0.332690</td>\n",
       "      <td>0.334318</td>\n",
       "      <td>0.499386</td>\n",
       "      <td>2.000940</td>\n",
       "      <td>0.498694</td>\n",
       "      <td>0.50065</td>\n",
       "      <td>0.500468</td>\n",
       "      <td>0.49987</td>\n",
       "      <td>0.500436</td>\n",
       "      <td>0.501646</td>\n",
       "      <td>42050.139350</td>\n",
       "    </tr>\n",
       "    <tr>\n",
       "      <th>std</th>\n",
       "      <td>71.795363</td>\n",
       "      <td>0.817005</td>\n",
       "      <td>1.414021</td>\n",
       "      <td>1.414227</td>\n",
       "      <td>0.471284</td>\n",
       "      <td>0.471177</td>\n",
       "      <td>0.471752</td>\n",
       "      <td>0.500000</td>\n",
       "      <td>0.816209</td>\n",
       "      <td>0.499999</td>\n",
       "      <td>0.50000</td>\n",
       "      <td>0.500000</td>\n",
       "      <td>0.50000</td>\n",
       "      <td>0.500000</td>\n",
       "      <td>0.499998</td>\n",
       "      <td>12110.237201</td>\n",
       "    </tr>\n",
       "    <tr>\n",
       "      <th>min</th>\n",
       "      <td>1.000000</td>\n",
       "      <td>1.000000</td>\n",
       "      <td>0.000000</td>\n",
       "      <td>1.000000</td>\n",
       "      <td>0.000000</td>\n",
       "      <td>0.000000</td>\n",
       "      <td>0.000000</td>\n",
       "      <td>0.000000</td>\n",
       "      <td>1.000000</td>\n",
       "      <td>0.000000</td>\n",
       "      <td>0.00000</td>\n",
       "      <td>0.000000</td>\n",
       "      <td>0.00000</td>\n",
       "      <td>0.000000</td>\n",
       "      <td>0.000000</td>\n",
       "      <td>7725.000000</td>\n",
       "    </tr>\n",
       "    <tr>\n",
       "      <th>25%</th>\n",
       "      <td>63.000000</td>\n",
       "      <td>1.000000</td>\n",
       "      <td>1.000000</td>\n",
       "      <td>2.000000</td>\n",
       "      <td>0.000000</td>\n",
       "      <td>0.000000</td>\n",
       "      <td>0.000000</td>\n",
       "      <td>0.000000</td>\n",
       "      <td>1.000000</td>\n",
       "      <td>0.000000</td>\n",
       "      <td>0.00000</td>\n",
       "      <td>0.000000</td>\n",
       "      <td>0.00000</td>\n",
       "      <td>0.000000</td>\n",
       "      <td>0.000000</td>\n",
       "      <td>33500.000000</td>\n",
       "    </tr>\n",
       "    <tr>\n",
       "      <th>50%</th>\n",
       "      <td>125.000000</td>\n",
       "      <td>2.000000</td>\n",
       "      <td>2.000000</td>\n",
       "      <td>3.000000</td>\n",
       "      <td>0.000000</td>\n",
       "      <td>0.000000</td>\n",
       "      <td>0.000000</td>\n",
       "      <td>0.000000</td>\n",
       "      <td>2.000000</td>\n",
       "      <td>0.000000</td>\n",
       "      <td>1.00000</td>\n",
       "      <td>1.000000</td>\n",
       "      <td>0.00000</td>\n",
       "      <td>1.000000</td>\n",
       "      <td>1.000000</td>\n",
       "      <td>41850.000000</td>\n",
       "    </tr>\n",
       "    <tr>\n",
       "      <th>75%</th>\n",
       "      <td>187.000000</td>\n",
       "      <td>3.000000</td>\n",
       "      <td>3.000000</td>\n",
       "      <td>4.000000</td>\n",
       "      <td>1.000000</td>\n",
       "      <td>1.000000</td>\n",
       "      <td>1.000000</td>\n",
       "      <td>1.000000</td>\n",
       "      <td>3.000000</td>\n",
       "      <td>1.000000</td>\n",
       "      <td>1.00000</td>\n",
       "      <td>1.000000</td>\n",
       "      <td>1.00000</td>\n",
       "      <td>1.000000</td>\n",
       "      <td>1.000000</td>\n",
       "      <td>50750.000000</td>\n",
       "    </tr>\n",
       "    <tr>\n",
       "      <th>max</th>\n",
       "      <td>249.000000</td>\n",
       "      <td>3.000000</td>\n",
       "      <td>4.000000</td>\n",
       "      <td>5.000000</td>\n",
       "      <td>1.000000</td>\n",
       "      <td>1.000000</td>\n",
       "      <td>1.000000</td>\n",
       "      <td>1.000000</td>\n",
       "      <td>3.000000</td>\n",
       "      <td>1.000000</td>\n",
       "      <td>1.00000</td>\n",
       "      <td>1.000000</td>\n",
       "      <td>1.00000</td>\n",
       "      <td>1.000000</td>\n",
       "      <td>1.000000</td>\n",
       "      <td>77975.000000</td>\n",
       "    </tr>\n",
       "  </tbody>\n",
       "</table>\n",
       "</div>"
      ],
      "text/plain": [
       "                Area         Garage      FirePlace          Baths  \\\n",
       "count  500000.000000  500000.000000  500000.000000  500000.000000   \n",
       "mean      124.929554       2.001290       2.003398       2.998074   \n",
       "std        71.795363       0.817005       1.414021       1.414227   \n",
       "min         1.000000       1.000000       0.000000       1.000000   \n",
       "25%        63.000000       1.000000       1.000000       2.000000   \n",
       "50%       125.000000       2.000000       2.000000       3.000000   \n",
       "75%       187.000000       3.000000       3.000000       4.000000   \n",
       "max       249.000000       3.000000       4.000000       5.000000   \n",
       "\n",
       "        White Marble   Black Marble  Indian Marble         Floors  \\\n",
       "count  500000.000000  500000.000000  500000.000000  500000.000000   \n",
       "mean        0.332992       0.332690       0.334318       0.499386   \n",
       "std         0.471284       0.471177       0.471752       0.500000   \n",
       "min         0.000000       0.000000       0.000000       0.000000   \n",
       "25%         0.000000       0.000000       0.000000       0.000000   \n",
       "50%         0.000000       0.000000       0.000000       0.000000   \n",
       "75%         1.000000       1.000000       1.000000       1.000000   \n",
       "max         1.000000       1.000000       1.000000       1.000000   \n",
       "\n",
       "                City          Solar      Electric          Fiber  \\\n",
       "count  500000.000000  500000.000000  500000.00000  500000.000000   \n",
       "mean        2.000940       0.498694       0.50065       0.500468   \n",
       "std         0.816209       0.499999       0.50000       0.500000   \n",
       "min         1.000000       0.000000       0.00000       0.000000   \n",
       "25%         1.000000       0.000000       0.00000       0.000000   \n",
       "50%         2.000000       0.000000       1.00000       1.000000   \n",
       "75%         3.000000       1.000000       1.00000       1.000000   \n",
       "max         3.000000       1.000000       1.00000       1.000000   \n",
       "\n",
       "        Glass Doors   Swiming Pool         Garden         Prices  \n",
       "count  500000.00000  500000.000000  500000.000000  500000.000000  \n",
       "mean        0.49987       0.500436       0.501646   42050.139350  \n",
       "std         0.50000       0.500000       0.499998   12110.237201  \n",
       "min         0.00000       0.000000       0.000000    7725.000000  \n",
       "25%         0.00000       0.000000       0.000000   33500.000000  \n",
       "50%         0.00000       1.000000       1.000000   41850.000000  \n",
       "75%         1.00000       1.000000       1.000000   50750.000000  \n",
       "max         1.00000       1.000000       1.000000   77975.000000  "
      ]
     },
     "execution_count": 7,
     "metadata": {},
     "output_type": "execute_result"
    }
   ],
   "source": [
    "df.describe()"
   ]
  },
  {
   "cell_type": "code",
   "execution_count": 8,
   "id": "b6bb98a3",
   "metadata": {},
   "outputs": [
    {
     "data": {
      "text/plain": [
       "array([3, 2, 1], dtype=int64)"
      ]
     },
     "execution_count": 8,
     "metadata": {},
     "output_type": "execute_result"
    }
   ],
   "source": [
    "df['City'].unique()"
   ]
  },
  {
   "cell_type": "code",
   "execution_count": 9,
   "id": "42fe1d93",
   "metadata": {
    "scrolled": false
   },
   "outputs": [
    {
     "data": {
      "text/html": [
       "<div>\n",
       "<style scoped>\n",
       "    .dataframe tbody tr th:only-of-type {\n",
       "        vertical-align: middle;\n",
       "    }\n",
       "\n",
       "    .dataframe tbody tr th {\n",
       "        vertical-align: top;\n",
       "    }\n",
       "\n",
       "    .dataframe thead th {\n",
       "        text-align: right;\n",
       "    }\n",
       "</style>\n",
       "<table border=\"1\" class=\"dataframe\">\n",
       "  <thead>\n",
       "    <tr style=\"text-align: right;\">\n",
       "      <th></th>\n",
       "      <th>Area</th>\n",
       "      <th>Garage</th>\n",
       "      <th>FirePlace</th>\n",
       "      <th>Baths</th>\n",
       "      <th>White Marble</th>\n",
       "      <th>Black Marble</th>\n",
       "      <th>Indian Marble</th>\n",
       "      <th>Floors</th>\n",
       "      <th>City</th>\n",
       "      <th>Solar</th>\n",
       "      <th>Electric</th>\n",
       "      <th>Fiber</th>\n",
       "      <th>Glass Doors</th>\n",
       "      <th>Swiming Pool</th>\n",
       "      <th>Garden</th>\n",
       "      <th>Prices</th>\n",
       "    </tr>\n",
       "  </thead>\n",
       "  <tbody>\n",
       "    <tr>\n",
       "      <th>Area</th>\n",
       "      <td>1.000000</td>\n",
       "      <td>-0.000897</td>\n",
       "      <td>0.000374</td>\n",
       "      <td>-0.000398</td>\n",
       "      <td>0.002525</td>\n",
       "      <td>-0.001477</td>\n",
       "      <td>-0.001047</td>\n",
       "      <td>-0.000776</td>\n",
       "      <td>-0.003455</td>\n",
       "      <td>0.000526</td>\n",
       "      <td>-0.000128</td>\n",
       "      <td>0.000114</td>\n",
       "      <td>-0.001230</td>\n",
       "      <td>0.000610</td>\n",
       "      <td>0.001428</td>\n",
       "      <td>0.147717</td>\n",
       "    </tr>\n",
       "    <tr>\n",
       "      <th>Garage</th>\n",
       "      <td>-0.000897</td>\n",
       "      <td>1.000000</td>\n",
       "      <td>0.001307</td>\n",
       "      <td>-0.003647</td>\n",
       "      <td>0.000541</td>\n",
       "      <td>0.001847</td>\n",
       "      <td>-0.002385</td>\n",
       "      <td>-0.000931</td>\n",
       "      <td>0.000793</td>\n",
       "      <td>0.001480</td>\n",
       "      <td>0.000779</td>\n",
       "      <td>-0.000562</td>\n",
       "      <td>-0.002171</td>\n",
       "      <td>0.001088</td>\n",
       "      <td>-0.000669</td>\n",
       "      <td>0.100294</td>\n",
       "    </tr>\n",
       "    <tr>\n",
       "      <th>FirePlace</th>\n",
       "      <td>0.000374</td>\n",
       "      <td>0.001307</td>\n",
       "      <td>1.000000</td>\n",
       "      <td>0.000643</td>\n",
       "      <td>0.000952</td>\n",
       "      <td>-0.000922</td>\n",
       "      <td>-0.000030</td>\n",
       "      <td>0.000185</td>\n",
       "      <td>-0.000211</td>\n",
       "      <td>-0.000309</td>\n",
       "      <td>0.001342</td>\n",
       "      <td>0.001818</td>\n",
       "      <td>-0.000366</td>\n",
       "      <td>0.001295</td>\n",
       "      <td>0.000231</td>\n",
       "      <td>0.089139</td>\n",
       "    </tr>\n",
       "    <tr>\n",
       "      <th>Baths</th>\n",
       "      <td>-0.000398</td>\n",
       "      <td>-0.003647</td>\n",
       "      <td>0.000643</td>\n",
       "      <td>1.000000</td>\n",
       "      <td>0.002493</td>\n",
       "      <td>-0.002739</td>\n",
       "      <td>0.000246</td>\n",
       "      <td>-0.000880</td>\n",
       "      <td>-0.000858</td>\n",
       "      <td>-0.000755</td>\n",
       "      <td>0.001047</td>\n",
       "      <td>-0.000687</td>\n",
       "      <td>-0.001668</td>\n",
       "      <td>0.002212</td>\n",
       "      <td>0.001723</td>\n",
       "      <td>0.145087</td>\n",
       "    </tr>\n",
       "    <tr>\n",
       "      <th>White Marble</th>\n",
       "      <td>0.002525</td>\n",
       "      <td>0.000541</td>\n",
       "      <td>0.000952</td>\n",
       "      <td>0.002493</td>\n",
       "      <td>1.000000</td>\n",
       "      <td>-0.498893</td>\n",
       "      <td>-0.500723</td>\n",
       "      <td>0.000078</td>\n",
       "      <td>-0.000861</td>\n",
       "      <td>-0.001583</td>\n",
       "      <td>0.000558</td>\n",
       "      <td>-0.000576</td>\n",
       "      <td>-0.000402</td>\n",
       "      <td>-0.001898</td>\n",
       "      <td>0.000959</td>\n",
       "      <td>0.448154</td>\n",
       "    </tr>\n",
       "    <tr>\n",
       "      <th>Black Marble</th>\n",
       "      <td>-0.001477</td>\n",
       "      <td>0.001847</td>\n",
       "      <td>-0.000922</td>\n",
       "      <td>-0.002739</td>\n",
       "      <td>-0.498893</td>\n",
       "      <td>1.000000</td>\n",
       "      <td>-0.500383</td>\n",
       "      <td>-0.000368</td>\n",
       "      <td>-0.000324</td>\n",
       "      <td>0.001764</td>\n",
       "      <td>-0.000549</td>\n",
       "      <td>0.000073</td>\n",
       "      <td>0.000086</td>\n",
       "      <td>0.000713</td>\n",
       "      <td>0.000133</td>\n",
       "      <td>-0.078049</td>\n",
       "    </tr>\n",
       "    <tr>\n",
       "      <th>Indian Marble</th>\n",
       "      <td>-0.001047</td>\n",
       "      <td>-0.002385</td>\n",
       "      <td>-0.000030</td>\n",
       "      <td>0.000246</td>\n",
       "      <td>-0.500723</td>\n",
       "      <td>-0.500383</td>\n",
       "      <td>1.000000</td>\n",
       "      <td>0.000289</td>\n",
       "      <td>0.001184</td>\n",
       "      <td>-0.000180</td>\n",
       "      <td>-0.000010</td>\n",
       "      <td>0.000503</td>\n",
       "      <td>0.000316</td>\n",
       "      <td>0.001184</td>\n",
       "      <td>-0.001091</td>\n",
       "      <td>-0.369756</td>\n",
       "    </tr>\n",
       "    <tr>\n",
       "      <th>Floors</th>\n",
       "      <td>-0.000776</td>\n",
       "      <td>-0.000931</td>\n",
       "      <td>0.000185</td>\n",
       "      <td>-0.000880</td>\n",
       "      <td>0.000078</td>\n",
       "      <td>-0.000368</td>\n",
       "      <td>0.000289</td>\n",
       "      <td>1.000000</td>\n",
       "      <td>-0.000641</td>\n",
       "      <td>-0.002651</td>\n",
       "      <td>0.000082</td>\n",
       "      <td>0.001373</td>\n",
       "      <td>-0.000008</td>\n",
       "      <td>-0.000211</td>\n",
       "      <td>-0.000492</td>\n",
       "      <td>0.619451</td>\n",
       "    </tr>\n",
       "    <tr>\n",
       "      <th>City</th>\n",
       "      <td>-0.003455</td>\n",
       "      <td>0.000793</td>\n",
       "      <td>-0.000211</td>\n",
       "      <td>-0.000858</td>\n",
       "      <td>-0.000861</td>\n",
       "      <td>-0.000324</td>\n",
       "      <td>0.001184</td>\n",
       "      <td>-0.000641</td>\n",
       "      <td>1.000000</td>\n",
       "      <td>0.000488</td>\n",
       "      <td>0.000788</td>\n",
       "      <td>-0.002716</td>\n",
       "      <td>0.000770</td>\n",
       "      <td>0.000322</td>\n",
       "      <td>0.001207</td>\n",
       "      <td>0.233259</td>\n",
       "    </tr>\n",
       "    <tr>\n",
       "      <th>Solar</th>\n",
       "      <td>0.000526</td>\n",
       "      <td>0.001480</td>\n",
       "      <td>-0.000309</td>\n",
       "      <td>-0.000755</td>\n",
       "      <td>-0.001583</td>\n",
       "      <td>0.001764</td>\n",
       "      <td>-0.000180</td>\n",
       "      <td>-0.002651</td>\n",
       "      <td>0.000488</td>\n",
       "      <td>1.000000</td>\n",
       "      <td>0.001883</td>\n",
       "      <td>0.000238</td>\n",
       "      <td>-0.000817</td>\n",
       "      <td>-0.000466</td>\n",
       "      <td>-0.004263</td>\n",
       "      <td>0.008429</td>\n",
       "    </tr>\n",
       "    <tr>\n",
       "      <th>Electric</th>\n",
       "      <td>-0.000128</td>\n",
       "      <td>0.000779</td>\n",
       "      <td>0.001342</td>\n",
       "      <td>0.001047</td>\n",
       "      <td>0.000558</td>\n",
       "      <td>-0.000549</td>\n",
       "      <td>-0.000010</td>\n",
       "      <td>0.000082</td>\n",
       "      <td>0.000788</td>\n",
       "      <td>0.001883</td>\n",
       "      <td>1.000000</td>\n",
       "      <td>-0.000309</td>\n",
       "      <td>0.001088</td>\n",
       "      <td>0.000571</td>\n",
       "      <td>0.000772</td>\n",
       "      <td>0.052443</td>\n",
       "    </tr>\n",
       "    <tr>\n",
       "      <th>Fiber</th>\n",
       "      <td>0.000114</td>\n",
       "      <td>-0.000562</td>\n",
       "      <td>0.001818</td>\n",
       "      <td>-0.000687</td>\n",
       "      <td>-0.000576</td>\n",
       "      <td>0.000073</td>\n",
       "      <td>0.000503</td>\n",
       "      <td>0.001373</td>\n",
       "      <td>-0.002716</td>\n",
       "      <td>0.000238</td>\n",
       "      <td>-0.000309</td>\n",
       "      <td>1.000000</td>\n",
       "      <td>-0.002268</td>\n",
       "      <td>0.004127</td>\n",
       "      <td>-0.000023</td>\n",
       "      <td>0.484626</td>\n",
       "    </tr>\n",
       "    <tr>\n",
       "      <th>Glass Doors</th>\n",
       "      <td>-0.001230</td>\n",
       "      <td>-0.002171</td>\n",
       "      <td>-0.000366</td>\n",
       "      <td>-0.001668</td>\n",
       "      <td>-0.000402</td>\n",
       "      <td>0.000086</td>\n",
       "      <td>0.000316</td>\n",
       "      <td>-0.000008</td>\n",
       "      <td>0.000770</td>\n",
       "      <td>-0.000817</td>\n",
       "      <td>0.001088</td>\n",
       "      <td>-0.002268</td>\n",
       "      <td>1.000000</td>\n",
       "      <td>0.000396</td>\n",
       "      <td>0.003329</td>\n",
       "      <td>0.181973</td>\n",
       "    </tr>\n",
       "    <tr>\n",
       "      <th>Swiming Pool</th>\n",
       "      <td>0.000610</td>\n",
       "      <td>0.001088</td>\n",
       "      <td>0.001295</td>\n",
       "      <td>0.002212</td>\n",
       "      <td>-0.001898</td>\n",
       "      <td>0.000713</td>\n",
       "      <td>0.001184</td>\n",
       "      <td>-0.000211</td>\n",
       "      <td>0.000322</td>\n",
       "      <td>-0.000466</td>\n",
       "      <td>0.000571</td>\n",
       "      <td>0.004127</td>\n",
       "      <td>0.000396</td>\n",
       "      <td>1.000000</td>\n",
       "      <td>-0.000191</td>\n",
       "      <td>0.001787</td>\n",
       "    </tr>\n",
       "    <tr>\n",
       "      <th>Garden</th>\n",
       "      <td>0.001428</td>\n",
       "      <td>-0.000669</td>\n",
       "      <td>0.000231</td>\n",
       "      <td>0.001723</td>\n",
       "      <td>0.000959</td>\n",
       "      <td>0.000133</td>\n",
       "      <td>-0.001091</td>\n",
       "      <td>-0.000492</td>\n",
       "      <td>0.001207</td>\n",
       "      <td>-0.004263</td>\n",
       "      <td>0.000772</td>\n",
       "      <td>-0.000023</td>\n",
       "      <td>0.003329</td>\n",
       "      <td>-0.000191</td>\n",
       "      <td>1.000000</td>\n",
       "      <td>0.001540</td>\n",
       "    </tr>\n",
       "    <tr>\n",
       "      <th>Prices</th>\n",
       "      <td>0.147717</td>\n",
       "      <td>0.100294</td>\n",
       "      <td>0.089139</td>\n",
       "      <td>0.145087</td>\n",
       "      <td>0.448154</td>\n",
       "      <td>-0.078049</td>\n",
       "      <td>-0.369756</td>\n",
       "      <td>0.619451</td>\n",
       "      <td>0.233259</td>\n",
       "      <td>0.008429</td>\n",
       "      <td>0.052443</td>\n",
       "      <td>0.484626</td>\n",
       "      <td>0.181973</td>\n",
       "      <td>0.001787</td>\n",
       "      <td>0.001540</td>\n",
       "      <td>1.000000</td>\n",
       "    </tr>\n",
       "  </tbody>\n",
       "</table>\n",
       "</div>"
      ],
      "text/plain": [
       "                   Area    Garage  FirePlace     Baths  White Marble  \\\n",
       "Area           1.000000 -0.000897   0.000374 -0.000398      0.002525   \n",
       "Garage        -0.000897  1.000000   0.001307 -0.003647      0.000541   \n",
       "FirePlace      0.000374  0.001307   1.000000  0.000643      0.000952   \n",
       "Baths         -0.000398 -0.003647   0.000643  1.000000      0.002493   \n",
       "White Marble   0.002525  0.000541   0.000952  0.002493      1.000000   \n",
       "Black Marble  -0.001477  0.001847  -0.000922 -0.002739     -0.498893   \n",
       "Indian Marble -0.001047 -0.002385  -0.000030  0.000246     -0.500723   \n",
       "Floors        -0.000776 -0.000931   0.000185 -0.000880      0.000078   \n",
       "City          -0.003455  0.000793  -0.000211 -0.000858     -0.000861   \n",
       "Solar          0.000526  0.001480  -0.000309 -0.000755     -0.001583   \n",
       "Electric      -0.000128  0.000779   0.001342  0.001047      0.000558   \n",
       "Fiber          0.000114 -0.000562   0.001818 -0.000687     -0.000576   \n",
       "Glass Doors   -0.001230 -0.002171  -0.000366 -0.001668     -0.000402   \n",
       "Swiming Pool   0.000610  0.001088   0.001295  0.002212     -0.001898   \n",
       "Garden         0.001428 -0.000669   0.000231  0.001723      0.000959   \n",
       "Prices         0.147717  0.100294   0.089139  0.145087      0.448154   \n",
       "\n",
       "               Black Marble  Indian Marble    Floors      City     Solar  \\\n",
       "Area              -0.001477      -0.001047 -0.000776 -0.003455  0.000526   \n",
       "Garage             0.001847      -0.002385 -0.000931  0.000793  0.001480   \n",
       "FirePlace         -0.000922      -0.000030  0.000185 -0.000211 -0.000309   \n",
       "Baths             -0.002739       0.000246 -0.000880 -0.000858 -0.000755   \n",
       "White Marble      -0.498893      -0.500723  0.000078 -0.000861 -0.001583   \n",
       "Black Marble       1.000000      -0.500383 -0.000368 -0.000324  0.001764   \n",
       "Indian Marble     -0.500383       1.000000  0.000289  0.001184 -0.000180   \n",
       "Floors            -0.000368       0.000289  1.000000 -0.000641 -0.002651   \n",
       "City              -0.000324       0.001184 -0.000641  1.000000  0.000488   \n",
       "Solar              0.001764      -0.000180 -0.002651  0.000488  1.000000   \n",
       "Electric          -0.000549      -0.000010  0.000082  0.000788  0.001883   \n",
       "Fiber              0.000073       0.000503  0.001373 -0.002716  0.000238   \n",
       "Glass Doors        0.000086       0.000316 -0.000008  0.000770 -0.000817   \n",
       "Swiming Pool       0.000713       0.001184 -0.000211  0.000322 -0.000466   \n",
       "Garden             0.000133      -0.001091 -0.000492  0.001207 -0.004263   \n",
       "Prices            -0.078049      -0.369756  0.619451  0.233259  0.008429   \n",
       "\n",
       "               Electric     Fiber  Glass Doors  Swiming Pool    Garden  \\\n",
       "Area          -0.000128  0.000114    -0.001230      0.000610  0.001428   \n",
       "Garage         0.000779 -0.000562    -0.002171      0.001088 -0.000669   \n",
       "FirePlace      0.001342  0.001818    -0.000366      0.001295  0.000231   \n",
       "Baths          0.001047 -0.000687    -0.001668      0.002212  0.001723   \n",
       "White Marble   0.000558 -0.000576    -0.000402     -0.001898  0.000959   \n",
       "Black Marble  -0.000549  0.000073     0.000086      0.000713  0.000133   \n",
       "Indian Marble -0.000010  0.000503     0.000316      0.001184 -0.001091   \n",
       "Floors         0.000082  0.001373    -0.000008     -0.000211 -0.000492   \n",
       "City           0.000788 -0.002716     0.000770      0.000322  0.001207   \n",
       "Solar          0.001883  0.000238    -0.000817     -0.000466 -0.004263   \n",
       "Electric       1.000000 -0.000309     0.001088      0.000571  0.000772   \n",
       "Fiber         -0.000309  1.000000    -0.002268      0.004127 -0.000023   \n",
       "Glass Doors    0.001088 -0.002268     1.000000      0.000396  0.003329   \n",
       "Swiming Pool   0.000571  0.004127     0.000396      1.000000 -0.000191   \n",
       "Garden         0.000772 -0.000023     0.003329     -0.000191  1.000000   \n",
       "Prices         0.052443  0.484626     0.181973      0.001787  0.001540   \n",
       "\n",
       "                 Prices  \n",
       "Area           0.147717  \n",
       "Garage         0.100294  \n",
       "FirePlace      0.089139  \n",
       "Baths          0.145087  \n",
       "White Marble   0.448154  \n",
       "Black Marble  -0.078049  \n",
       "Indian Marble -0.369756  \n",
       "Floors         0.619451  \n",
       "City           0.233259  \n",
       "Solar          0.008429  \n",
       "Electric       0.052443  \n",
       "Fiber          0.484626  \n",
       "Glass Doors    0.181973  \n",
       "Swiming Pool   0.001787  \n",
       "Garden         0.001540  \n",
       "Prices         1.000000  "
      ]
     },
     "execution_count": 9,
     "metadata": {},
     "output_type": "execute_result"
    }
   ],
   "source": [
    "df.corr()"
   ]
  },
  {
   "cell_type": "code",
   "execution_count": 10,
   "id": "1208faa2",
   "metadata": {
    "scrolled": true
   },
   "outputs": [],
   "source": [
    "# commented for speed\n",
    "\n",
    "# for col in df.columns:\n",
    "#     plt.hist(df[col])\n",
    "#     plt.show()"
   ]
  },
  {
   "cell_type": "code",
   "execution_count": 11,
   "id": "e17a7817",
   "metadata": {
    "scrolled": true
   },
   "outputs": [],
   "source": [
    "# for col in df.columns:\n",
    "#     sns.barplot(data=df, x = col, y=df['Prices'],ci=None)\n",
    "#     plt.show()"
   ]
  },
  {
   "cell_type": "code",
   "execution_count": 12,
   "id": "9a98acc0",
   "metadata": {},
   "outputs": [],
   "source": [
    "# for col in df.columns:\n",
    "#     if col == \"Prices\":\n",
    "#         break\n",
    "#     sns.displot(df, x=df[col], hue=\"City\", kind=\"kde\", palette=\"plasma\", fill=True,  height=3, aspect=1.5)\n",
    "# plt.show()"
   ]
  },
  {
   "cell_type": "code",
   "execution_count": 13,
   "id": "a17f8c5c",
   "metadata": {},
   "outputs": [],
   "source": [
    "# 20+ mins\n",
    "\n",
    "# sns.set_style(\"whitegrid\")\n",
    "# sns.pairplot(df, hue=\"City\", height=2)\n",
    "# plt.show()"
   ]
  },
  {
   "cell_type": "code",
   "execution_count": 14,
   "id": "a6f5a532",
   "metadata": {},
   "outputs": [
    {
     "data": {
      "text/plain": [
       "City\n",
       "1    166314\n",
       "2    166902\n",
       "3    166784\n",
       "dtype: int64"
      ]
     },
     "execution_count": 14,
     "metadata": {},
     "output_type": "execute_result"
    }
   ],
   "source": [
    "df.groupby('City').size()"
   ]
  },
  {
   "cell_type": "markdown",
   "id": "a98b44d7",
   "metadata": {},
   "source": [
    "# Separating features for prediction"
   ]
  },
  {
   "cell_type": "code",
   "execution_count": 15,
   "id": "70acbcea",
   "metadata": {},
   "outputs": [],
   "source": [
    "x=df.drop(['City'],axis=1)\n",
    "y=df['City']"
   ]
  },
  {
   "cell_type": "code",
   "execution_count": 16,
   "id": "b565afba",
   "metadata": {},
   "outputs": [],
   "source": [
    "x_train, x_test, y_train, y_test = train_test_split(x, y, test_size = 0.3, random_state = 1)"
   ]
  },
  {
   "cell_type": "code",
   "execution_count": 17,
   "id": "19a32d32",
   "metadata": {},
   "outputs": [
    {
     "name": "stdout",
     "output_type": "stream",
     "text": [
      "x_train:  (350000, 15)\n",
      "y_train:  (350000,)\n",
      "x_test:  (150000, 15)\n",
      "y_test:  (150000,)\n"
     ]
    }
   ],
   "source": [
    "print(\"x_train: \",x_train.shape)\n",
    "print(\"y_train: \",y_train.shape)\n",
    "print(\"x_test: \",x_test.shape)\n",
    "print(\"y_test: \",y_test.shape)"
   ]
  },
  {
   "cell_type": "markdown",
   "id": "9a07589f",
   "metadata": {},
   "source": [
    "# Logistric Regression"
   ]
  },
  {
   "cell_type": "code",
   "execution_count": 18,
   "id": "ed6ffad5",
   "metadata": {},
   "outputs": [],
   "source": [
    "model_lr = LogisticRegression(max_iter = 600)"
   ]
  },
  {
   "cell_type": "code",
   "execution_count": 19,
   "id": "1c9c963d",
   "metadata": {},
   "outputs": [
